0;943;0;1;0;950;0;0;0;950;0;0;0;957;1;0;0;957;1;0;0;950;0;0;0;950;0;0;0;950;0;0;0;950;0;0;0;
1;957;1;0;0;950;0;0;0;950;0;0;0;950;0;0;0;950;0;0;0;957;1;0;0;950;0;0;0;950;0;0;0;950;0;0;0;
2;943;0;1;0;950;0;0;0;943;1;2;0;950;0;0;0;950;0;0;0;950;0;0;0;950;0;0;0;950;0;0;0;950;0;0;0;
3;943;0;1;0;950;1;1;0;950;0;0;0;950;0;0;0;950;0;0;0;950;0;0;0;950;0;0;0;950;0;0;0;957;1;0;0;
4;964;3;1;0;950;0;0;0;964;2;0;0;950;0;0;0;950;0;0;0;950;0;0;0;950;0;0;0;950;0;0;0;943;0;1;0;
5;943;0;1;0;943;0;1;0;943;0;1;0;943;0;1;0;943;0;1;0;936;0;2;0;943;0;1;0;943;0;1;0;943;0;1;0;
6;943;0;1;0;943;0;1;0;936;0;2;0;943;0;1;0;943;0;1;0;943;0;1;0;943;0;1;0;943;0;1;0;929;0;3;0;
7;943;0;1;0;943;0;1;0;943;0;1;0;943;0;1;0;943;0;1;0;943;0;1;0;943;0;1;0;943;0;1;0;957;2;1;0;
8;957;2;1;0;936;1;3;0;943;0;1;0;943;0;1;0;936;0;2;0;943;0;1;0;943;0;1;0;943;0;1;0;943;0;1;0;
9;922;6;10;0;943;0;1;0;943;0;1;0;943;0;1;0;936;0;2;0;943;0;1;0;943;0;1;0;943;0;1;0;943;0;1;0;
10;957;11;10;0;957;1;0;0;950;0;0;0;950;0;0;0;957;1;0;0;950;0;0;0;950;0;0;0;950;0;0;0;950;0;0;0;
11;950;0;0;0;950;0;0;0;950;0;0;0;950;0;0;0;950;0;0;0;950;0;0;0;950;0;0;0;950;0;0;0;950;0;0;0;
