0;0;1;0;7;1;-7;28/10/2014 18:52:35;1;300;
1;1;2;1;7;2;-7;30/10/2014 11:41:29;0;300;
2;4;3;4;7;3;-7;30/10/2014 23:11:48;0;300;
3;3;4;3;7;4;-7;30/10/2014 23:15:00;2;1800;
5;1;5;1;7;5;-7;31/10/2014 13:40:40;1;1800;
4;6;2;2;7;6;-7;31/10/2014 13:40:47;0;1800;
6;9;0;0;7;9;-7;31/10/2014 13:42:06;1;900;
7;4;10;10;7;4;-7;04/11/2014 11:32:10;0;300;
8;4;10;4;7;10;-7;04/11/2014 11:34:55;0;300;
9;10;9;9;7;10;-7;04/11/2014 13:35:02;0;300;
10;10;4;4;7;10;-7;04/11/2014 13:48:53;0;300;
11;10;0;10;7;0;-7;05/11/2014 13:41:02;0;300;
14;8;3;3;7;8;-7;07/11/2014 06:08:44;0;900;
13;6;7;7;7;6;-7;07/11/2014 06:12:58;2;1800;
12;4;2;4;7;2;-7;07/11/2014 06:13:04;0;1800;
15;4;2;4;7;2;-7;07/11/2014 06:25:39;0;1800;
16;6;7;7;7;6;-7;07/11/2014 06:25:54;2;1800;
17;8;3;8;7;3;-7;07/11/2014 06:29:10;0;900;
18;10;9;9;7;10;-7;07/11/2014 17:01:27;0;300;
19;9;10;9;7;10;-7;07/11/2014 17:02:49;0;300;
20;10;9;10;7;9;-7;07/11/2014 17:05:29;0;300;
21;9;10;9;7;10;-7;07/11/2014 17:06:31;0;300;
22;10;9;10;7;9;-7;07/11/2014 17:07:21;0;300;
23;10;9;10;7;9;-7;07/11/2014 17:59:38;0;300;
24;10;9;10;7;9;-7;07/11/2014 18:01:26;0;300;
25;10;9;10;7;9;-7;07/11/2014 18:03:22;0;300;
26;10;9;10;7;9;-7;07/11/2014 18:05:57;0;300;
27;10;9;10;7;9;-7;07/11/2014 18:07:51;0;300;
28;10;9;10;7;9;-7;07/11/2014 18:10:55;0;300;
29;10;9;10;7;9;-7;07/11/2014 18:13:58;0;300;
30;10;9;9;7;10;-7;07/11/2014 18:18:49;0;300;
31;10;9;9;7;10;-7;08/11/2014 01:53:33;0;300;
32;10;8;10;7;8;-7;20/11/2014 11:24:57;0;900;
33;10;8;10;7;8;-7;20/11/2014 11:25:36;1;900;
34;8;10;8;7;10;-7;10/12/2014 08:15:00;0;300;
35;8;10;8;7;10;-7;10/12/2014 08:17:16;0;300;
